%YAML:1.0
---
model_type: PINHOLE
camera_name: camera
image_width: 1280
image_height: 720
distortion_parameters:
   k1: -0.026952526185128473
   k2: 0.020999498240428387
   p1: -0.0008671665883025935
   p2: -0.006162111299969126
projection_parameters:
   fx: 988.8259357627111
   fy: 981.2397737465766
   cx: 477.0518469409257
   cy: 643.5527072135826
